%YAML:1.0
K1: !!opencv-matrix
   rows: 3
   cols: 3
   dt: d
   data: [ 1286.75105286503, 0., 0.,
           0., 1293.89032093662, 0.,
          276.057276151438, 189.174563947712, 1]
K2: !!opencv-matrix
   rows: 3
   cols: 3
   dt: d
   data: [ 1285.88428532992, 0., 0.,
            0., 1297.37873881435, 0.,
          284.276445434666, 241.292478619418, 1.]
D1: !!opencv-matrix
   rows: 1
   cols: 5
   dt: d
   data: [ 5.10338826722279, -202.467564891055, 0, 0, 2577.87261836622]
D2: !!opencv-matrix
   rows: 1
   cols: 5
   dt: d
   data: [ 1.60085273900257,-33.6488849627288, 0, 0, 195.295165193202]
R: !!opencv-matrix
   rows: 3
   cols: 3
   dt: d
   data: [ 0.99953755695112,       0.00986535348257029,        -0.028763641022137,
       -0.0106226046251589,         0.999597816338203,       -0.0262938365947898,
        0.0284926747632435,        0.0265872219789863,        0.999240355025895]
T: [ -96.6830994695679,        -0.901542794825879,         -65.4888247374703]
XR: !!opencv-matrix
   rows: 3
   cols: 3
   dt: d
   data: [ 1.0, 0.0, 0.0,
           0.0, 1.0, 0.0,
           0.0, 0.0, 1.0 ]
XT: !!opencv-matrix
   rows: 3
   cols: 1
   dt: d
   data: [ 0.0,
           0.0,
           0.0 ]