%YAML:1.0
K1: !!opencv-matrix
   rows: 3
   cols: 3
   dt: d
   data: [ 9.597910e+02, 0.000000e+00, 6.960217e+02, 
           0.000000e+00, 9.569251e+02, 2.241806e+02, 
           0.000000e+00, 0.000000e+00, 1.000000e+00 ]
K2: !!opencv-matrix
   rows: 3
   cols: 3
   dt: d
   data: [ 9.037596e+02, 0.000000e+00, 6.957519e+02, 
           0.000000e+00, 9.019653e+02, 2.242509e+02, 
           0.000000e+00, 0.000000e+00, 1.000000e+00 ]
D1: !!opencv-matrix
   rows: 1
   cols: 5
   dt: d
   data: [ -3.691481e-01, 1.968681e-01, 1.353473e-03, 5.677587e-04, -6.770705e-02 ]
D2: !!opencv-matrix
   rows: 1
   cols: 5
   dt: d
   data: [ -3.639558e-01, 1.788651e-01, 6.029694e-04, -3.922424e-04, -5.382460e-02 ]
R: !!opencv-matrix
   rows: 3
   cols: 3
   dt: d
   data: [ 9.995599e-01, 1.699522e-02, -2.431313e-02, 
          -1.704422e-02, 9.998531e-01, -1.809756e-03, 
           2.427880e-02, 2.223358e-03, 9.997028e-01 ]
T: [ -4.731050e-01, 5.551470e-03, -5.250882e-03 ]
XR: !!opencv-matrix
   rows: 3
   cols: 3
   dt: d
   data: [ 1.0, 0.0, 0.0,
           0.0, 1.0, 0.0,
           0.0, 0.0, 1.0 ]
XT: !!opencv-matrix
   rows: 3
   cols: 1
   dt: d
   data: [ 0.0,
           0.0,
           0.0 ]