%YAML:1.0
K1: !!opencv-matrix
   rows: 3
   cols: 3
   dt: d
   data: [ 1.17101492e+03, 0.00000000e+00, 4.66964734e+02,
           0.00000000e+00, 1.15307816e+03, 1.11532675e+02,
           0., 0., 1.]
K2: !!opencv-matrix
   rows: 3
   cols: 3
   dt: d
   data: [ 1.15662578e+03, 0.00000000e+00, 4.47047423e+02,
           0.00000000e+00, 1.13752763e+03, 2.34967017e+02,
           0., 0., 1. ]
D1: !!opencv-matrix
   rows: 1
   cols: 5
   dt: d
   data: [ -0.04397492, -0.43316357, -0.00169134,  0.03325523,  0.98225284 ]
D2: !!opencv-matrix
   rows: 1
   cols: 5
   dt: d
   data: [ 2.00571452e-02, -1.33387711e+00,  1.21563396e-03,  3.27806541e-02, 4.08048902e+00 ]
R: !!opencv-matrix
   rows: 3
   cols: 3
   dt: d
   data: [ 0.99886194,  0.00372585,  0.0475493,
           -0.00274066,  0.99978057, -0.02076776,
           -0.04761624,  0.02061381,  0.99865297]
T: [ -28.4411331, 0.88435017, -5.10068468]
XR: !!opencv-matrix
   rows: 3
   cols: 3
   dt: d
   data: [ 1.00000,   0.00000,   0.00000,
           0.00000,   1.00000,   0.00000,
           0.00000,   0.00000,   1.00000 ]
XT: !!opencv-matrix
   rows: 3
   cols: 1
   dt: d
   data: [ 0.0,
           0.0,
           0.0 ]
