%YAML:1.0
---
K1: !!opencv-matrix
   rows: 3
   cols: 3
   dt: d
   data: [ 7.0996789749921993e+02, 0., 1.3085460086167640e+02, 0.,
       6.7512043623952479e+02, 1.3132480613543140e+02, 0., 0., 1. ]
K2: !!opencv-matrix
   rows: 3
   cols: 3
   dt: d
   data: [ 9.0920560964310471e+02, 0., 1.8030698674884093e+02, 0.,
       9.0440652975253136e+02, 8.2896047970324858e+01, 0., 0., 1. ]
D1: !!opencv-matrix
   rows: 1
   cols: 5
   dt: d
   data: [ 1.1657891176364812e+00, -1.6182670646511259e+01,
       1.5372112447975933e-02, -9.8233838376454150e-02,
       6.4972539691119067e+01 ]
D2: !!opencv-matrix
   rows: 1
   cols: 5
   dt: d
   data: [ -5.1157782078809175e+00, 2.5191201493269821e+02,
       -7.2685098985812768e-02, 9.2473911811602791e-02,
       -3.5156728372928533e+03 ]
R: !!opencv-matrix
   rows: 3
   cols: 3
   dt: d
   data: [ 9.9769848309474229e-01, -3.5696821157201256e-04,
       -6.7805673834468047e-02, 9.3805911642859674e-03,
       9.9109724252677278e-01, 1.3280911250827573e-01,
       6.7154607733638474e-02, -1.3313950739552574e-01,
       9.8881956404119442e-01 ]
T: [ -3.1694609109521704e-01, -6.8051771339583123e-02,
    2.7520532212639226e-01 ]
E: !!opencv-matrix
   rows: 3
   cols: 3
   dt: d
   data: [ -7.1515786229922745e-03, -2.6369485657461461e-01,
       -1.0384069745739793e-01, 2.9585632284531083e-01,
       -4.2296285991009180e-02, 2.9474201331172134e-01,
       6.4922007335729573e-02, -3.1414868923321831e-01,
       -4.6707625282632462e-02 ]
F: !!opencv-matrix
   rows: 3
   cols: 3
   dt: d
   data: [ 1.0886002254782421e-06, 4.2210997819137514e-05,
       5.5362663400047663e-03, -4.5273677706832796e-05,
       6.8065119430070530e-06, -2.6991390153803016e-02,
       -5.4283243050639732e-03, 3.7546418531850971e-02, 1. ]
R1: !!opencv-matrix
   rows: 3
   cols: 3
   dt: d
   data: [ 7.0166964867153092e-01, 2.4450894791089975e-01,
       -6.6923469614528741e-01, -1.9566484732280315e-01,
       9.6928741873215363e-01, 1.4898713840363209e-01,
       6.8510945961599046e-01, 2.6405951584136937e-02,
       7.2796136852557070e-01 ]
R2: !!opencv-matrix
   rows: 3
   cols: 3
   dt: d
   data: [ 7.4534537171689474e-01, 1.6003375409938964e-01,
       -6.4718581134714326e-01, -2.0566269947741653e-01,
       9.7860948560990724e-01, 5.1311517201198384e-03,
       6.3416333140908265e-01, 1.2927750083896700e-01,
       7.6231502469318091e-01 ]
P1: !!opencv-matrix
   rows: 3
   cols: 4
   dt: d
   data: [ 7.8976348299602807e+02, 0., 8.8039581680297852e+02, 0., 0.,
       7.8976348299602807e+02, 2.3285891205072403e+01, 0., 0., 0., 1.,
       0. ]
P2: !!opencv-matrix
   rows: 3
   cols: 4
   dt: d
   data: [ 7.8976348299602807e+02, 0., 8.8039581680297852e+02,
       -3.3583417610649821e+02, 0., 7.8976348299602807e+02,
       2.3285891205072403e+01, 0., 0., 0., 1., 0. ]
Q: !!opencv-matrix
   rows: 4
   cols: 4
   dt: d
   data: [ 1., 0., 0., -8.8039581680297852e+02, 0., 1., 0.,
       -2.3285891205072403e+01, 0., 0., 0., 7.8976348299602807e+02, 0.,
       0., 2.3516471496503737e+00, 0. ]
XR: !!opencv-matrix
   rows: 3
   cols: 3
   dt: d
   data: [ 0.00080,   0.00080,   1.00000,
          -1.00000,   0.00000,   0.00080,
           0.00000,  -1.00000,   0.00080 ]
XT: !!opencv-matrix
   rows: 3
   cols: 1
   dt: d
   data: [ -4.0,
           0.0,
           1.7 ]