%YAML:1.0
K1: !!opencv-matrix
   rows: 3
   cols: 3
   dt: d
   data: [ 9.5688627732975851e+02, 0., 2.9482846316741546e+02,
           0., 9.6136392019960192e+02, 1.8756521022628857e+02,
           0., 0., 1.]
K2: !!opencv-matrix
   rows: 3
   cols: 3
   dt: d
   data: [ 9.7213994177500592e+02, 0., 3.0311678036487712e+02,
           0., 9.8068911746983883e+02, 2.4984546557917281e+02,
           0., 0., 1. ]
D1: !!opencv-matrix
   rows: 1
   cols: 5
   dt: d
   data: [ -8.3893886567536857e-01, 1.7562458707224163e+01, -4.4234782779694519e-03, 1.6410801283894206e-02, -1.1742023867603028e+02 ]
D2: !!opencv-matrix
   rows: 1
   cols: 5
   dt: d
   data: [ -6.2826697214640370e-01, 1.6283510591155199e+01, -9.5946263023094589e-03, 2.0301551314554848e-02, -1.1721711067425589e+02 ]
R: !!opencv-matrix
   rows: 3
   cols: 3
   dt: d
   data: [ 9.9804164065302292e-01, 6.1845774556004832e-02, 9.3799622701894684e-03, 
           -6.1193840738636970e-02, 9.9640546218185744e-01, -5.8578740083869034e-02,
           -1.2969093194078280e-02, 5.7890025943395255e-02, 9.9823872271015235e-01 ]
T: [ -2.6036395892069635e+01, 2.8182109878368369e+00, 1.4417391619411958e+01]
XR: !!opencv-matrix
   rows: 3
   cols: 3
   dt: d
   data: [ 0.00080,   0.00080,   1.00000,
          -1.00000,   0.00000,   0.00080,
           0.00000,  -1.00000,   0.00080 ]
XT: !!opencv-matrix
   rows: 3
   cols: 1
   dt: d
   data: [ -4.0,
           0.0,
           1.7 ]
