%YAML:1.0
K1: !!opencv-matrix
   rows: 3
   cols: 3
   dt: d
   data: [ 9.597910e+02, 0.000000e+00, 6.960217e+02, 0.000000e+00, 9.569251e+02, 2.241806e+02, 0.000000e+00, 0.000000e+00, 1.000000e+00 ]
K2: !!opencv-matrix
   rows: 3
   cols: 3
   dt: d
   data: [ 9.037596e+02, 0.000000e+00, 6.957519e+02, 0.000000e+00, 9.019653e+02, 2.242509e+02, 0.000000e+00, 0.000000e+00, 1.000000e+00 ]
D1: !!opencv-matrix
   rows: 1
   cols: 5
   dt: d
   data: [ -3.691481e-01, 1.968681e-01, 1.353473e-03, 5.677587e-04, -6.770705e-02 ]
D2: !!opencv-matrix
   rows: 1
   cols: 5
   dt: d
   data: [ -3.639558e-01, 1.788651e-01, 6.029694e-04, -3.922424e-04, -5.382460e-02 ]
R: !!opencv-matrix
   rows: 3
   cols: 3
   dt: d
   data: [ 0.999557086, 0.022256143, -0.019753071, -0.022226728, 0.99975148, 0.001707184, 0.019786158, -0.001267381, 0.999803488 ]
T: [ -0.53267121, 0.0052614559, -0.007828091 ]
XR: !!opencv-matrix
   rows: 3
   cols: 3
   dt: d
   data: [ 0.00080,   0.00080,   1.00000,
          -1.00000,   0.00000,   0.00080,
           0.00000,  -1.00000,   0.00080 ]
XT: !!opencv-matrix
   rows: 3
   cols: 1
   dt: d
   data: [ -4.0,
           0.0,
           1.7 ]